123
124
125
126
127
129
142
143
145
147
148
149
152
153
154
156
157
158
159
162
163
165
167
168
169
183
184
185
186
187
189
214
215
216
218
234
235
236
238
241
243
245
247
248
249
251
253
254
256
257
258
259
261
263
265
267
268
269
274
275
276
278
294
295
296
298
321
324
325
326
327
329
341
342
345
347
348
349
351
352
354
356
357
358
359
361
362
365
367
368
369
381
384
385
386
387
389
412
415
416
418
421
423
425
426
427
429
432
435
436
438
451
452
453
456
457
458
459
472
475
476
478
481
483
485
486
487
489
492
495
496
498
512
514
516
518
521
523
524
526
527
529
532
534
536
538
541
542
543
547
548
549
561
562
563
567
568
569
572
574
576
578
581
583
584
586
587
589
592
594
596
598
612
614
615
618
621
623
624
625
627
629
632
634
635
638
651
652
653
654
657
658
659
672
674
675
678
681
683
684
685
687
689
692
694
695
698
721
723
724
725
726
729
741
742
743
745
748
749
751
752
753
754
756
758
759
761
762
763
765
768
769
781
783
784
785
786
789
812
814
815
816
832
834
835
836
841
842
843
845
847
849
851
852
853
854
856
857
859
861
862
863
865
867
869
872
874
875
876
892
894
895
896
921
923
924
925
926
927
941
942
943
945
947
948
951
952
953
954
956
957
958
961
962
963
965
967
968
981
983
984
985
986
987
